# Blender 3.5.1
# www.blender.org
mtllib plan_uvt_parter.mtl
o IfcWall/Wall.001
v -3.088176 0.000000 4.836157
v -3.088176 2.153315 4.836157
v -3.121692 2.153315 4.696570
v -3.121692 0.000000 4.696570
v 70.859344 2.153315 -13.067259
v 70.859344 0.000000 -13.067259
v 70.892860 2.153315 -12.927671
v 70.892860 0.000000 -12.927671
vn -0.9724 -0.0000 0.2335
vn -0.2335 -0.0000 -0.9724
vn 0.9724 -0.0000 -0.2335
vn 0.2335 -0.0000 0.9724
vn -0.0000 -1.0000 -0.0000
vn -0.0000 1.0000 -0.0000
s 0
usemtl Unknown
f 4//1 1//1 2//1
f 4//1 2//1 3//1
f 6//2 4//2 3//2
f 6//2 3//2 5//2
f 8//3 6//3 5//3
f 8//3 5//3 7//3
f 1//4 8//4 7//4
f 1//4 7//4 2//4
f 4//5 6//5 8//5
f 4//5 8//5 1//5
f 7//6 5//6 3//6
f 2//6 7//6 3//6
o IfcWall/Wall.002
v 70.756500 0.000000 -12.894918
v 70.767357 2.153279 -12.901168
v 70.910240 2.152518 -12.915030
v 70.899384 -0.000761 -12.908781
v 73.440559 2.215436 13.161013
v 73.429703 0.062157 13.167261
v 73.297676 2.216197 13.174875
v 73.286819 0.062918 13.181124
vn -0.0966 -0.0024 -0.9953
vn 0.9953 -0.0053 -0.0966
vn 0.0966 0.0024 0.9953
vn -0.9953 0.0053 0.0966
vn -0.0050 -1.0000 0.0029
vn 0.0050 1.0000 -0.0029
s 0
usemtl Unknown
f 12//7 9//7 10//7
f 12//7 10//7 11//7
f 14//8 12//8 11//8
f 14//8 11//8 13//8
f 16//9 14//9 13//9
f 16//9 13//9 15//9
f 9//10 16//10 15//10
f 9//10 15//10 10//10
f 12//11 14//11 16//11
f 12//11 16//11 9//11
f 15//12 13//12 11//12
f 10//12 15//12 11//12
o IfcWall/Wall.003
v 73.360756 0.000000 13.257211
v 73.360756 2.153315 13.257211
v 73.327240 2.153315 13.117624
v 73.327240 0.000000 13.117624
v 100.197716 2.153315 6.665666
v 100.197716 0.000000 6.665666
v 100.231232 2.153315 6.805253
v 100.231232 0.000000 6.805253
vn -0.9724 -0.0000 0.2335
vn -0.2335 -0.0000 -0.9724
vn 0.9724 -0.0000 -0.2335
vn 0.2335 -0.0000 0.9724
vn -0.0000 -1.0000 -0.0000
vn -0.0000 1.0000 -0.0000
s 0
usemtl Unknown
f 20//13 17//13 18//13
f 20//13 18//13 19//13
f 22//14 20//14 19//14
f 22//14 19//14 21//14
f 24//15 22//15 21//15
f 24//15 21//15 23//15
f 17//16 24//16 23//16
f 17//16 23//16 18//16
f 20//17 22//17 24//17
f 20//17 24//17 17//17
f 23//18 21//18 19//18
f 18//18 23//18 19//18
o IfcWall/Wall.004
v 100.219383 0.000000 6.637711
v 100.219383 2.153315 6.637711
v 100.082474 2.153315 6.680878
v 100.082474 0.000000 6.680878
v 92.312340 2.153315 -17.962973
v 92.312340 0.000000 -17.962973
v 92.449249 2.153315 -18.006140
v 92.449249 0.000000 -18.006140
vn 0.3007 -0.0000 0.9537
vn -0.9537 -0.0000 0.3007
vn -0.3007 -0.0000 -0.9537
vn 0.9537 -0.0000 -0.3007
vn -0.0000 -1.0000 -0.0000
vn -0.0000 1.0000 -0.0000
s 0
usemtl Unknown
f 28//19 25//19 26//19
f 28//19 26//19 27//19
f 30//20 28//20 27//20
f 30//20 27//20 29//20
f 32//21 30//21 29//21
f 32//21 29//21 31//21
f 25//22 32//22 31//22
f 25//22 31//22 26//22
f 28//23 30//23 32//23
f 28//23 32//23 25//23
f 31//24 29//24 27//24
f 26//24 31//24 27//24
o IfcWall/Wall.006
v 134.884079 0.000000 -27.215183
v 134.884079 2.153315 -27.215183
v 134.743317 2.153315 -27.186989
v 134.743317 0.000000 -27.186989
v 124.875557 2.153315 -76.452484
v 124.875557 0.000000 -76.452484
v 125.016319 2.153315 -76.480682
v 125.016319 0.000000 -76.480682
vn 0.1964 -0.0000 0.9805
vn -0.9805 -0.0000 0.1964
vn -0.1964 -0.0000 -0.9805
vn 0.9805 -0.0000 -0.1964
vn -0.0000 -1.0000 -0.0000
vn -0.0000 1.0000 -0.0000
s 0
usemtl Unknown
f 36//25 33//25 34//25
f 36//25 34//25 35//25
f 38//26 36//26 35//26
f 38//26 35//26 37//26
f 40//27 38//27 37//27
f 40//27 37//27 39//27
f 33//28 40//28 39//28
f 33//28 39//28 34//28
f 36//29 38//29 40//29
f 36//29 40//29 33//29
f 39//30 37//30 35//30
f 34//30 39//30 35//30
o IfcWall/Wall.009
v 86.146454 0.000000 -111.933289
v 86.146454 2.153315 -111.933289
v 86.180870 2.153315 -111.793922
v 86.180870 0.000000 -111.793922
v 72.244041 2.153315 -108.352524
v 72.244041 0.000000 -108.352524
v 72.209625 2.153315 -108.491898
v 72.209625 0.000000 -108.491898
vn 0.9708 -0.0000 -0.2397
vn 0.2397 -0.0000 0.9708
vn -0.9708 -0.0000 0.2397
vn -0.2397 -0.0000 -0.9708
vn -0.0000 -1.0000 -0.0000
vn -0.0000 1.0000 -0.0000
s 0
usemtl Unknown
f 44//31 41//31 42//31
f 44//31 42//31 43//31
f 46//32 44//32 43//32
f 46//32 43//32 45//32
f 48//33 46//33 45//33
f 48//33 45//33 47//33
f 41//34 48//34 47//34
f 41//34 47//34 42//34
f 44//35 46//35 48//35
f 44//35 48//35 41//35
f 47//36 45//36 43//36
f 42//36 47//36 43//36
o IfcWall/Wall.010
v 72.282310 0.000000 -108.396538
v 72.282310 2.153315 -108.396538
v 72.421951 2.153315 -108.429817
v 72.421951 0.000000 -108.429817
v 82.376770 2.153315 -66.655327
v 82.376770 0.000000 -66.655327
v 82.237129 2.153315 -66.622055
v 82.237129 0.000000 -66.622055
vn -0.2318 -0.0000 -0.9728
vn 0.9728 -0.0000 -0.2318
vn 0.2318 -0.0000 0.9728
vn -0.9728 -0.0000 0.2318
vn -0.0000 -1.0000 -0.0000
vn -0.0000 1.0000 -0.0000
s 0
usemtl Unknown
f 52//37 49//37 50//37
f 52//37 50//37 51//37
f 54//38 52//38 51//38
f 54//38 51//38 53//38
f 56//39 54//39 53//39
f 56//39 53//39 55//39
f 49//40 56//40 55//40
f 49//40 55//40 50//40
f 52//41 54//41 56//41
f 52//41 56//41 49//41
f 55//42 53//42 51//42
f 50//42 55//42 51//42
o IfcWall/Wall.011
v 82.340462 0.000000 -66.717155
v 82.340462 2.153315 -66.717155
v 82.373978 2.153315 -66.577568
v 82.373978 0.000000 -66.577568
v -1.866684 2.153315 -46.350269
v -1.866684 0.000000 -46.350269
v -1.900200 2.153315 -46.489857
v -1.900200 0.000000 -46.489857
vn 0.9724 -0.0000 -0.2335
vn 0.2335 -0.0000 0.9724
vn -0.9724 -0.0000 0.2335
vn -0.2335 -0.0000 -0.9724
vn -0.0000 -1.0000 -0.0000
vn -0.0000 1.0000 -0.0000
s 0
usemtl Unknown
f 60//43 57//43 58//43
f 60//43 58//43 59//43
f 62//44 60//44 59//44
f 62//44 59//44 61//44
f 64//45 62//45 61//45
f 64//45 61//45 63//45
f 57//46 64//46 63//46
f 57//46 63//46 58//46
f 60//47 62//47 64//47
f 60//47 64//47 57//47
f 63//48 61//48 59//48
f 58//48 63//48 59//48
o IfcWall/Wall.012
v -1.750540 0.000000 -46.481396
v -1.750540 2.153315 -46.481396
v -1.890226 2.153315 -46.448296
v -1.890226 0.000000 -46.448296
v -2.759145 2.153315 -50.115047
v -2.759145 0.000000 -50.115047
v -2.619460 2.153315 -50.148148
v -2.619460 0.000000 -50.148148
vn 0.2306 -0.0000 0.9731
vn -0.9731 -0.0000 0.2306
vn -0.2306 -0.0000 -0.9731
vn 0.9731 -0.0000 -0.2306
vn -0.0000 -1.0000 -0.0000
vn -0.0000 1.0000 -0.0000
s 0
usemtl Unknown
f 68//49 65//49 66//49
f 68//49 66//49 67//49
f 70//50 68//50 67//50
f 70//50 67//50 69//50
f 72//51 70//51 69//51
f 72//51 69//51 71//51
f 65//52 72//52 71//52
f 65//52 71//52 66//52
f 68//53 70//53 72//53
f 68//53 72//53 65//53
f 71//54 69//54 67//54
f 66//54 71//54 67//54
o IfcWall/Wall.014
v 0.481181 0.000000 -50.841106
v 0.481181 2.153315 -50.841106
v 0.341556 2.153315 -50.807751
v 0.341556 0.000000 -50.807751
v -3.327430 2.153315 -66.166580
v -3.327430 0.000000 -66.166580
v -3.187805 2.153315 -66.199936
v -3.187805 0.000000 -66.199936
vn 0.2323 -0.0000 0.9726
vn -0.9726 -0.0000 0.2323
vn -0.2323 -0.0000 -0.9726
vn 0.9726 -0.0000 -0.2323
vn -0.0000 -1.0000 -0.0000
vn -0.0000 1.0000 -0.0000
s 0
usemtl Unknown
f 76//55 73//55 74//55
f 76//55 74//55 75//55
f 78//56 76//56 75//56
f 78//56 75//56 77//56
f 80//57 78//57 77//57
f 80//57 77//57 79//57
f 73//58 80//58 79//58
f 73//58 79//58 74//58
f 76//59 78//59 80//59
f 76//59 80//59 73//59
f 79//60 77//60 75//60
f 74//60 79//60 75//60
o IfcWall/Wall.015
v -3.272385 0.000000 -66.173103
v -3.272385 2.153315 -66.173103
v -3.240758 2.153315 -66.033073
v -3.240758 0.000000 -66.033073
v -71.538834 2.153315 -50.606766
v -71.538834 0.000000 -50.606766
v -71.570457 2.153315 -50.746796
v -71.570457 0.000000 -50.746796
vn 0.9754 -0.0000 -0.2203
vn 0.2203 -0.0000 0.9754
vn -0.9754 -0.0000 0.2203
vn -0.2203 -0.0000 -0.9754
vn -0.0000 -1.0000 -0.0000
vn -0.0000 1.0000 -0.0000
s 0
usemtl Unknown
f 84//61 81//61 82//61
f 84//61 82//61 83//61
f 86//62 84//62 83//62
f 86//62 83//62 85//62
f 88//63 86//63 85//63
f 88//63 85//63 87//63
f 81//64 88//64 87//64
f 81//64 87//64 82//64
f 84//65 86//65 88//65
f 84//65 88//65 81//65
f 87//66 85//66 83//66
f 82//66 87//66 83//66
o IfcWall/Wall.016
v -71.692345 0.000000 -50.718800
v -71.692345 2.153315 -50.718800
v -71.552338 2.153315 -50.750515
v -71.552338 0.000000 -50.750515
v -67.270645 2.153315 -31.849585
v -67.270645 0.000000 -31.849585
v -67.410652 2.153315 -31.817869
v -67.410652 0.000000 -31.817869
vn -0.2209 -0.0000 -0.9753
vn 0.9753 -0.0000 -0.2209
vn 0.2209 -0.0000 0.9753
vn -0.9753 -0.0000 0.2209
vn -0.0000 -1.0000 -0.0000
vn -0.0000 1.0000 -0.0000
s 0
usemtl Unknown
f 92//67 89//67 90//67
f 92//67 90//67 91//67
f 94//68 92//68 91//68
f 94//68 91//68 93//68
f 96//69 94//69 93//69
f 96//69 93//69 95//69
f 89//70 96//70 95//70
f 89//70 95//70 90//70
f 92//71 94//71 96//71
f 92//71 96//71 89//71
f 95//72 93//72 91//72
f 90//72 95//72 91//72
o IfcWall/Wall.017
v -67.389946 0.000000 -31.762133
v -67.389946 2.153315 -31.762133
v -67.421585 2.153315 -31.902157
v -67.421585 0.000000 -31.902157
v -14.562370 2.153315 -43.845715
v -14.562370 0.000000 -43.845715
v -14.530731 2.153315 -43.705688
v -14.530731 0.000000 -43.705688
vn -0.9754 -0.0000 0.2204
vn -0.2204 -0.0000 -0.9754
vn 0.9754 -0.0000 -0.2204
vn 0.2204 -0.0000 0.9754
vn -0.0000 -1.0000 -0.0000
vn -0.0000 1.0000 -0.0000
s 0
usemtl Unknown
f 100//73 97//73 98//73
f 100//73 98//73 99//73
f 102//74 100//74 99//74
f 102//74 99//74 101//74
f 104//75 102//75 101//75
f 104//75 101//75 103//75
f 98//76 104//76 103//76
f 97//76 104//76 98//76
f 100//77 102//77 104//77
f 100//77 104//77 97//77
f 103//78 101//78 99//78
f 98//78 103//78 99//78
o IfcWall/Wall.018
v -14.690417 0.000000 -43.806683
v -14.690417 2.153315 -43.806683
v -14.550802 2.153315 -43.840080
v -14.550802 0.000000 -43.840080
v -2.944577 2.153315 4.676105
v -2.944577 0.000000 4.676105
v -3.084192 2.153315 4.709503
v -3.084192 0.000000 4.709503
vn -0.2327 -0.0000 -0.9726
vn 0.9726 -0.0000 -0.2327
vn 0.2327 -0.0000 0.9726
vn -0.9726 -0.0000 0.2327
vn -0.0000 -1.0000 -0.0000
vn -0.0000 1.0000 -0.0000
s 0
usemtl Unknown
f 108//79 105//79 106//79
f 108//79 106//79 107//79
f 110//80 108//80 107//80
f 110//80 107//80 109//80
f 112//81 110//81 109//81
f 112//81 109//81 111//81
f 105//82 112//82 111//82
f 105//82 111//82 106//82
f 108//83 110//83 112//83
f 108//83 112//83 105//83
f 111//84 109//84 107//84
f 106//84 111//84 107//84
o IfcWall/Wall.019
v 7.143804 0.000000 -4.165930
v 7.143804 2.153315 -4.165930
v 7.109396 2.153315 -4.305300
v 7.109396 0.000000 -4.305300
v 24.530628 2.153315 -8.606255
v 24.530628 0.000000 -8.606255
v 24.565037 2.153315 -8.466885
v 24.565037 0.000000 -8.466885
v 19.744133 0.000000 -7.276700
v 17.074820 2.153315 -6.617700
v 19.553165 2.153315 -7.377419
v 17.046349 2.153315 -6.674360
v 17.008722 2.153315 -6.749246
v 17.047215 0.000000 -6.610885
v 17.062933 1.226033 -6.614765
v 19.625496 1.542773 -7.247411
v 19.578547 2.153315 -7.235820
v 19.570126 2.153315 -7.276052
v 17.038506 0.000000 -6.672491
v 19.721354 0.000000 -7.312106
v 17.026947 0.000000 -6.753745
v 19.662050 0.000000 -7.404300
vn -0.9709 -0.0000 0.2397
vn 0.9709 -0.0000 -0.2397
vn 0.2397 -0.0000 0.9709
vn -0.0000 -1.0000 -0.0000
vn -0.0000 1.0000 -0.0000
s 0
usemtl Unknown
f 116//85 113//85 114//85
f 116//85 114//85 115//85
f 120//86 118//86 117//86
f 120//86 117//86 119//86
f 113//87 126//87 127//87
f 113//87 127//87 122//87 114//87
f 116//88 133//88 131//88
f 116//88 131//88 126//88 113//88
f 119//89 117//89 123//89 130//89
f 114//89 122//89 124//89 115//89
f 124//89 125//89 115//89
f 128//87 121//87 120//87 119//87
f 129//87 128//87 119//87
f 130//89 129//89 119//89
f 121//88 132//88 120//88
f 132//88 134//88 118//88 120//88
o IfcWall/Wall.057
v 91.143303 0.000000 -27.433451
v 91.143303 2.153315 -27.433451
v 91.126541 2.153315 -27.503244
v 91.126541 0.000000 -27.503244
v 119.741852 2.153315 -34.374161
v 119.741852 0.000000 -34.374161
v 119.758606 2.153315 -34.304367
v 119.758606 0.000000 -34.304367
v 104.366463 2.153315 -30.648190
v 106.398499 2.153315 -31.130871
v 104.267006 0.987565 -30.584625
v 106.368477 1.145702 -31.089218
v 104.353943 2.153315 -30.679319
v 104.381020 2.153315 -30.612003
v 106.406731 2.153315 -31.098402
v 104.170410 0.000000 -30.561432
v 106.324982 0.000000 -31.078773
v 106.375366 2.153315 -31.164688
v 106.392044 2.153315 -31.129444
v 106.392082 2.153315 -31.129347
v 106.302216 0.000000 -31.107998
v 106.276558 0.000000 -31.140963
v 104.139587 0.000000 -30.627850
v 104.153610 0.000000 -30.597630
vn -0.9724 -0.0000 0.2335
vn -0.0000 -1.0000 -0.0000
vn 0.9724 -0.0000 -0.2335
vn 0.2335 -0.0000 0.9724
vn -0.0000 1.0000 -0.0000
s 0
usemtl Unknown
f 138//90 135//90 136//90
f 138//90 136//90 137//90
f 151//91 155//91 142//91
f 142//92 140//92 139//92
f 142//92 139//92 141//92
f 135//93 150//93 145//93
f 135//93 145//93 148//93 136//93
f 138//91 157//91 158//91
f 138//91 158//91 150//91 135//91
f 141//94 139//94 152//94 153//94 144//94
f 136//94 148//94 143//94 137//94
f 146//93 151//93 142//93 141//93
f 144//94 153//94 154//94
f 143//94 147//94 137//94
f 149//93 146//93 141//93
f 155//91 156//91 140//91 142//91
f 144//94 149//94 141//94
o IfcWall/Wall.058
v 119.711800 0.000000 -34.395542
v 119.711800 2.153315 -34.395542
v 119.641785 2.153315 -34.379719
v 119.641785 0.000000 -34.379719
v 115.844231 2.153315 -51.182446
v 115.844231 0.000000 -51.182446
v 115.914238 2.153315 -51.198269
v 115.914238 0.000000 -51.198269
vn 0.2204 -0.0000 0.9754
vn -0.9754 -0.0000 0.2204
vn -0.2204 -0.0000 -0.9754
vn 0.9754 -0.0000 -0.2204
vn -0.0000 -1.0000 -0.0000
vn -0.0000 1.0000 -0.0000
s 0
usemtl Unknown
f 162//95 159//95 160//95
f 162//95 160//95 161//95
f 164//96 162//96 161//96
f 164//96 161//96 163//96
f 166//97 164//97 163//97
f 166//97 163//97 165//97
f 159//98 166//98 165//98
f 159//98 165//98 160//98
f 162//99 164//99 166//99
f 162//99 166//99 159//99
f 165//100 163//100 161//100
f 160//100 165//100 161//100
o IfcWall/Wall.059
v 115.852058 0.000000 -51.011120
v 115.852058 2.153315 -51.011120
v 115.867485 2.153315 -50.941021
v 115.867485 0.000000 -50.941021
v 87.126503 2.153315 -44.616367
v 87.126503 0.000000 -44.616367
v 87.111076 2.153315 -44.686470
v 87.111076 0.000000 -44.686470
vn 0.9766 -0.0000 -0.2149
vn 0.2149 -0.0000 0.9766
vn -0.9766 -0.0000 0.2149
vn -0.2149 -0.0000 -0.9766
vn -0.0000 -1.0000 -0.0000
vn -0.0000 1.0000 -0.0000
s 0
usemtl Unknown
f 170//101 167//101 168//101
f 170//101 168//101 169//101
f 172//102 170//102 169//102
f 172//102 169//102 171//102
f 174//103 172//103 171//103
f 174//103 171//103 173//103
f 167//104 174//104 173//104
f 167//104 173//104 168//104
f 170//105 172//105 174//105
f 170//105 174//105 167//105
f 173//106 171//106 169//106
f 168//106 173//106 169//106
o IfcWall/Wall.060
v 87.141953 0.000000 -44.618870
v 87.141953 2.153315 -44.618870
v 87.211861 2.153315 -44.635147
v 87.211861 0.000000 -44.635147
v 91.200142 2.153315 -27.507971
v 91.200142 0.000000 -27.507971
v 91.130234 2.153315 -27.491692
v 91.130234 0.000000 -27.491692
vn -0.2268 -0.0000 -0.9739
vn 0.9739 -0.0000 -0.2268
vn 0.2268 -0.0000 0.9739
vn -0.9739 -0.0000 0.2268
vn -0.0000 -1.0000 -0.0000
vn -0.0000 1.0000 -0.0000
s 0
usemtl Unknown
f 178//107 175//107 176//107
f 178//107 176//107 177//107
f 180//108 178//108 177//108
f 180//108 177//108 179//108
f 182//109 180//109 179//109
f 182//109 179//109 181//109
f 175//110 182//110 181//110
f 175//110 181//110 176//110
f 178//111 180//111 182//111
f 178//111 182//111 175//111
f 181//112 179//112 177//112
f 176//112 181//112 177//112
o IfcWall/Wall.065
v 6.847747 0.000000 -5.810065
v 6.847747 2.153315 -5.810065
v 6.865828 2.153315 -5.740603
v 6.865828 0.000000 -5.740603
v 3.392702 2.153315 -4.836551
v 3.392702 0.000000 -4.836551
v 3.374621 2.153315 -4.906013
v 3.374621 0.000000 -4.906013
vn 0.9678 -0.0000 -0.2519
vn 0.2519 -0.0000 0.9678
vn -0.9678 -0.0000 0.2519
vn -0.2519 -0.0000 -0.9678
vn -0.0000 -1.0000 -0.0000
vn -0.0000 1.0000 -0.0000
s 0
usemtl Unknown
f 186//113 183//113 184//113
f 186//113 184//113 185//113
f 188//114 186//114 185//114
f 188//114 185//114 187//114
f 190//115 188//115 187//115
f 190//115 187//115 189//115
f 183//116 190//116 189//116
f 183//116 189//116 184//116
f 186//117 188//117 190//117
f 186//117 190//117 183//117
f 189//118 187//118 185//118
f 184//118 189//118 185//118
o IfcWall/Wall.073
v -4.690142 0.000000 -2.620951
v -4.690142 2.153315 -2.620951
v -4.706901 2.153315 -2.690745
v -4.706901 0.000000 -2.690745
v -1.217229 2.153315 -3.528661
v -1.217229 0.000000 -3.528661
v -1.200471 2.153315 -3.458868
v -1.200471 0.000000 -3.458868
vn -0.9724 -0.0000 0.2335
vn -0.2335 -0.0000 -0.9724
vn 0.9724 -0.0000 -0.2335
vn 0.2335 -0.0000 0.9724
vn -0.0000 -1.0000 -0.0000
vn -0.0000 1.0000 -0.0000
s 0
usemtl Unknown
f 194//119 191//119 192//119
f 194//119 192//119 193//119
f 196//120 194//120 193//120
f 196//120 193//120 195//120
f 198//121 196//121 195//121
f 198//121 195//121 197//121
f 191//122 198//122 197//122
f 191//122 197//122 192//122
f 194//123 196//123 198//123
f 194//123 198//123 191//123
f 197//124 195//124 193//124
f 192//124 197//124 193//124
o IfcWall/Wall.078
v 87.124596 0.000000 -44.669270
v 87.124596 2.153315 -44.669270
v 87.054665 2.153315 -44.653107
v 87.054665 0.000000 -44.653107
v 84.306770 2.153315 -56.541794
v 84.306770 0.000000 -56.541794
v 84.376709 2.153315 -56.557957
v 84.376709 0.000000 -56.557957
vn 0.2252 -0.0000 0.9743
vn -0.9743 -0.0000 0.2252
vn -0.2252 -0.0000 -0.9743
vn 0.9743 -0.0000 -0.2252
vn -0.0000 -1.0000 -0.0000
vn -0.0000 1.0000 -0.0000
s 0
usemtl Unknown
f 202//125 199//125 200//125
f 202//125 200//125 201//125
f 204//126 202//126 201//126
f 204//126 201//126 203//126
f 206//127 204//127 203//127
f 206//127 203//127 205//127
f 199//128 206//128 205//128
f 199//128 205//128 200//128
f 202//129 204//129 206//129
f 202//129 206//129 199//129
f 205//130 203//130 201//130
f 200//130 205//130 201//130
o IfcWall/Wall.080
v 95.887894 0.000000 -69.837891
v 95.887894 2.153315 -69.837891
v 95.957596 2.153315 -69.855034
v 95.957596 0.000000 -69.855034
v 97.328995 2.153315 -64.279030
v 97.328995 0.000000 -64.279030
v 97.259293 2.153315 -64.261887
v 97.259293 0.000000 -64.261887
vn -0.2388 -0.0000 -0.9711
vn 0.9711 -0.0000 -0.2388
vn 0.2388 -0.0000 0.9711
vn -0.9711 -0.0000 0.2388
vn -0.0000 -1.0000 -0.0000
vn -0.0000 1.0000 -0.0000
s 0
usemtl Unknown
f 210//131 207//131 208//131
f 210//131 208//131 209//131
f 211//132 210//132 209//132
f 212//132 210//132 211//132
f 214//133 212//133 211//133
f 214//133 211//133 213//133
f 207//134 214//134 213//134
f 207//134 213//134 208//134
f 210//135 212//135 214//135
f 210//135 214//135 207//135
f 213//136 211//136 209//136
f 208//136 213//136 209//136
o IfcWall/Wall.079
v 101.937630 0.000000 -71.218491
v 101.937630 2.153315 -71.218491
v 102.007332 2.153315 -71.235634
v 102.007332 0.000000 -71.235634
v 103.378731 2.153315 -65.659630
v 103.378731 0.000000 -65.659630
v 103.309029 2.153315 -65.642487
v 103.309029 0.000000 -65.642487
vn -0.2388 -0.0000 -0.9711
vn 0.9711 -0.0000 -0.2388
vn 0.2388 -0.0000 0.9711
vn -0.9711 -0.0000 0.2388
vn -0.0000 -1.0000 -0.0000
vn -0.0000 1.0000 -0.0000
s 0
usemtl Unknown
f 218//137 215//137 216//137
f 218//137 216//137 217//137
f 219//138 218//138 217//138
f 220//138 218//138 219//138
f 222//139 220//139 219//139
f 222//139 219//139 221//139
f 215//140 222//140 221//140
f 215//140 221//140 216//140
f 218//141 220//141 222//141
f 218//141 222//141 215//141
f 221//142 219//142 217//142
f 216//142 221//142 217//142
o IfcWall/Wall.075
v 96.383598 0.000000 -46.498825
v 96.383598 2.153315 -46.498825
v 96.313667 2.153315 -46.482662
v 96.313667 0.000000 -46.482662
v 93.565773 2.153315 -58.371349
v 93.565773 0.000000 -58.371349
v 93.635712 2.153315 -58.387512
v 93.635712 0.000000 -58.387512
v 95.303261 0.846579 -51.172878
v 95.256958 2.153315 -51.180256
v 95.562981 2.153315 -49.819817
v 95.238182 0.000000 -51.135731
v 95.300690 2.031688 -51.183990
v 95.305099 0.000000 -51.164940
v 95.298317 2.153315 -51.194279
v 95.626762 0.000000 -49.773254
v 95.229256 2.153315 -51.174320
v 95.575279 0.000000 -49.765163
v 95.555679 0.000000 -49.762074
v 95.611008 2.153315 -49.841438
v 95.622398 0.596496 -49.792141
v 95.544273 2.153315 -49.811405
v 95.312325 0.000000 -51.133656
v 95.267159 0.000000 -51.134914
vn 0.2252 -0.0000 0.9743
vn -0.2252 -0.0000 -0.9743
vn 0.9743 -0.0000 -0.2252
vn -0.0000 -1.0000 -0.0000
vn -0.0000 1.0000 -0.0000
s 0
usemtl Unknown
f 226//143 223//143 224//143
f 226//143 224//143 225//143
f 230//144 228//144 227//144
f 230//144 227//144 229//144
f 223//145 238//145 243//145
f 223//145 243//145 242//145 224//145
f 226//146 241//146 240//146
f 226//146 240//146 238//146 223//146
f 229//147 227//147 239//147 232//147
f 224//147 242//147 233//147 225//147
f 246//146 234//146 228//146 230//146
f 245//146 246//146 230//146 236//146
f 237//145 235//145 231//145 229//145
f 232//147 237//147 229//147
f 231//145 236//145 230//145 229//145
f 233//147 244//147 225//147
o IfcWall/Wall.081
v 105.631371 0.000000 -72.037003
v 105.631371 2.153315 -72.037003
v 105.701073 2.153315 -72.054146
v 105.701073 0.000000 -72.054146
v 107.072472 2.153315 -66.478142
v 107.072472 0.000000 -66.478142
v 107.002769 2.153315 -66.460999
v 107.002769 0.000000 -66.460999
vn -0.2388 -0.0000 -0.9711
vn 0.9711 -0.0000 -0.2388
vn 0.2388 -0.0000 0.9711
vn -0.9711 -0.0000 0.2388
vn -0.0000 -1.0000 -0.0000
vn -0.0000 1.0000 -0.0000
s 0
usemtl Unknown
f 250//148 247//148 248//148
f 250//148 248//148 249//148
f 251//149 250//149 249//149
f 252//149 250//149 251//149
f 254//150 252//150 251//150
f 254//150 251//150 253//150
f 247//151 254//151 253//151
f 247//151 253//151 248//151
f 250//152 252//152 254//152
f 250//152 254//152 247//152
f 253//153 251//153 249//153
f 248//153 253//153 249//153
o IfcWall/Wall.089
v 115.347969 0.000000 -53.046150
v 115.347969 2.153315 -53.046150
v 115.332985 2.153315 -53.116344
v 115.332985 0.000000 -53.116344
v 129.021225 2.153315 -56.037888
v 129.021225 0.000000 -56.037888
v 129.036209 2.153315 -55.967693
v 129.036209 0.000000 -55.967693
vn -0.9780 -0.0000 0.2087
vn -0.2087 -0.0000 -0.9780
vn 0.9780 -0.0000 -0.2087
vn 0.2087 -0.0000 0.9780
vn -0.0000 -1.0000 -0.0000
vn -0.0000 1.0000 -0.0000
s 0
usemtl Unknown
f 258//154 255//154 256//154
f 258//154 256//154 257//154
f 260//155 258//155 257//155
f 260//155 257//155 259//155
f 262//156 260//156 259//156
f 262//156 259//156 261//156
f 255//157 262//157 261//157
f 255//157 261//157 256//157
f 258//158 260//158 262//158
f 258//158 262//158 255//158
f 261//159 259//159 257//159
f 256//159 261//159 257//159
o IfcWall/Wall.046
v 0.472955 0.000000 -50.875542
v 0.472955 2.153315 -50.875542
v 0.505847 2.153315 -50.735806
v 0.505847 0.000000 -50.735806
v -2.638198 2.153315 -49.995735
v -2.638198 0.000000 -49.995735
v -2.671090 2.153315 -50.135471
v -2.671090 0.000000 -50.135471
vn 0.9734 -0.0000 -0.2291
vn 0.2291 -0.0000 0.9734
vn -0.9734 -0.0000 0.2291
vn -0.2291 -0.0000 -0.9734
vn -0.0000 -1.0000 -0.0000
vn -0.0000 1.0000 -0.0000
s 0
usemtl Unknown
f 266//160 263//160 264//160
f 266//160 264//160 265//160
f 268//161 266//161 265//161
f 268//161 265//161 267//161
f 270//162 268//162 267//162
f 270//162 267//162 269//162
f 263//163 270//163 269//163
f 263//163 269//163 264//163
f 266//164 268//164 270//164
f 266//164 270//164 263//164
f 269//165 267//165 265//165
f 264//165 269//165 265//165
o IfcWall/Wall.008
v 92.445648 0.000000 -17.819931
v 92.447128 2.153314 -17.821217
v 92.416183 2.153252 -17.961397
v 92.414711 -0.000062 -17.960112
v 134.743668 2.118618 -27.303637
v 134.742188 -0.034697 -27.302351
v 134.774612 2.118680 -27.163456
v 134.773132 -0.034634 -27.162170
vn -0.9765 0.0008 0.2155
vn -0.2155 -0.0004 -0.9765
vn 0.9765 -0.0008 -0.2155
vn 0.2155 0.0004 0.9765
vn -0.0007 -1.0000 0.0006
vn 0.0007 1.0000 -0.0006
s 0
usemtl Unknown
f 274//166 271//166 272//166
f 274//166 272//166 273//166
f 276//167 274//167 273//167
f 276//167 273//167 275//167
f 278//168 276//168 275//168
f 278//168 275//168 277//168
f 271//169 278//169 277//169
f 271//169 277//169 272//169
f 274//170 276//170 278//170
f 274//170 278//170 271//170
f 277//171 275//171 273//171
f 272//171 277//171 273//171
o IfcWall/Wall.055
v 70.815659 0.000000 -12.919186
v 70.815659 2.153315 -12.919186
v 70.799683 2.153315 -12.989162
v 70.799683 0.000000 -12.989162
v 92.492508 2.153315 -17.941406
v 92.492508 0.000000 -17.941406
v 92.508484 2.153315 -17.871429
v 92.508484 0.000000 -17.871429
v 84.491219 2.153315 -16.041172
v 80.152458 0.000000 -15.124303
v 84.432503 0.000000 -16.101391
v 80.177269 1.222459 -15.129967
v 84.448837 0.798447 -16.105120
v 80.201172 0.000000 -15.061800
v 84.485809 2.153315 -16.067146
v 80.196159 2.153315 -15.134278
v 84.476524 2.153315 -16.111441
v 80.201660 2.153315 -15.061911
v 80.198563 2.153315 -15.102951
v 80.173462 0.000000 -15.097306
v 84.434219 0.000000 -16.055542
v 84.426689 0.000000 -16.026440
vn -0.9749 -0.0000 0.2226
vn -0.2226 -0.0000 -0.9749
vn 0.9749 -0.0000 -0.2226
vn -0.0000 1.0000 -0.0000
vn -0.0000 -1.0000 -0.0000
s 0
usemtl Unknown
f 282//172 279//172 280//172
f 282//172 280//172 281//172
f 284//173 289//173 291//173
f 284//173 291//173 295//173 283//173
f 286//174 284//174 283//174
f 286//174 283//174 285//174
f 297//175 294//175 281//175
f 299//176 289//176 284//176 286//176
f 282//176 288//176 298//176
f 282//176 298//176 292//176 279//176
f 285//175 283//175 295//175 293//175
f 280//175 296//175 297//175 281//175
f 293//175 287//175 285//175
f 290//173 288//173 282//173 281//173
f 294//173 290//173 281//173
f 300//176 299//176 286//176
o IfcWall/Wall.052
v 62.871704 0.000000 -14.922640
v 62.871704 2.153315 -14.922640
v 62.888729 2.153315 -14.852911
v 62.888729 0.000000 -14.852911
v 53.823921 2.153315 -12.639886
v 53.823921 0.000000 -12.639886
v 53.806900 2.153315 -12.709615
v 53.806900 0.000000 -12.709615
v 61.069252 2.153315 -14.482601
v 59.343121 2.153315 -14.016153
v 61.087933 2.153315 -14.427926
v 59.383545 0.828601 -14.071063
v 59.328606 2.153315 -14.057650
v 61.076172 0.000000 -14.484289
v 59.417912 0.000000 -14.079453
v 59.350765 2.153315 -13.994484
v 59.381905 2.153315 -14.025307
v 59.341496 2.153315 -13.986912
v 59.336452 2.153315 -14.014580
v 61.074806 0.426847 -14.483957
v 61.084805 2.153315 -14.427188
v 61.088661 2.153315 -14.413454
vn 0.9715 -0.0000 -0.2372
vn -0.9715 -0.0000 0.2372
vn -0.2372 -0.0000 -0.9715
vn -0.0000 1.0000 -0.0000
s 0
usemtl Unknown
f 304//177 301//177 302//177
f 304//177 302//177 303//177
f 308//178 306//178 305//178
f 308//178 305//178 307//178
f 301//179 314//179 320//179
f 301//179 320//179 309//179 302//179
f 311//180 309//180 321//180
f 307//180 305//180 318//180 319//180
f 302//180 309//180 311//180 303//180
f 313//179 312//179 307//179
f 310//180 313//180 319//180
f 312//179 315//179 308//179 307//179
f 310//180 316//180 317//180
f 319//180 313//180 307//180
f 319//180 318//180 316//180 310//180
f 321//180 322//180 303//180 311//180
o IfcWall/Wall.051
v 45.565712 0.000000 -7.018707
v 45.565712 2.153315 -7.018707
v 45.495842 2.153315 -7.002273
v 45.495842 0.000000 -7.002273
v 44.674129 2.153315 -10.495794
v 44.674129 0.000000 -10.495794
v 44.743999 2.153315 -10.512228
v 44.743999 0.000000 -10.512228
vn 0.2290 -0.0000 0.9734
vn -0.9734 -0.0000 0.2290
vn -0.2290 -0.0000 -0.9734
vn 0.9734 -0.0000 -0.2290
vn -0.0000 -1.0000 -0.0000
vn -0.0000 1.0000 -0.0000
s 0
usemtl Unknown
f 326//181 323//181 324//181
f 326//181 324//181 325//181
f 328//182 326//182 325//182
f 328//182 325//182 327//182
f 330//183 328//183 327//183
f 330//183 327//183 329//183
f 323//184 330//184 329//184
f 323//184 329//184 324//184
f 326//185 328//185 330//185
f 326//185 330//185 323//185
f 329//186 327//186 325//186
f 324//186 329//186 325//186
o IfcWall/Wall.056
v 53.770981 0.000000 -12.716130
v 53.770981 2.153315 -12.716130
v 53.788006 2.153315 -12.646401
v 53.788006 0.000000 -12.646401
v 44.723198 2.153315 -10.433376
v 44.723198 0.000000 -10.433376
v 44.706177 2.153315 -10.503105
v 44.706177 0.000000 -10.503105
v 51.968529 2.153315 -12.276092
v 50.242397 2.153315 -11.809644
v 51.987209 2.153315 -12.221416
v 50.282822 0.828601 -11.864553
v 50.227882 2.153315 -11.851141
v 51.975449 0.000000 -12.277780
v 50.317188 0.000000 -11.872943
v 50.250042 2.153315 -11.787974
v 50.281181 2.153315 -11.818797
v 50.240772 2.153315 -11.780402
v 50.235729 2.153315 -11.808070
v 51.974083 0.426847 -12.277448
v 51.984081 2.153315 -12.220678
v 51.987938 2.153315 -12.206944
vn 0.9715 -0.0000 -0.2372
vn -0.9715 -0.0000 0.2372
vn -0.2372 -0.0000 -0.9715
vn -0.0000 1.0000 -0.0000
s 0
usemtl Unknown
f 334//187 331//187 332//187
f 334//187 332//187 333//187
f 338//188 336//188 335//188
f 338//188 335//188 337//188
f 331//189 344//189 350//189
f 331//189 350//189 339//189 332//189
f 341//190 339//190 351//190
f 337//190 335//190 348//190 349//190
f 332//190 339//190 341//190 333//190
f 343//189 342//189 337//189
f 340//190 343//190 349//190
f 342//189 345//189 338//189 337//189
f 340//190 346//190 347//190
f 349//190 343//190 337//190
f 349//190 348//190 346//190 340//190
f 351//190 352//190 333//190 341//190
o IfcWall/Wall.047
v 45.550076 0.000000 -6.993111
v 45.550076 2.153315 -6.993111
v 45.480206 2.153315 -6.976677
v 45.480206 0.000000 -6.976677
v 44.658493 2.153315 -10.470199
v 44.658493 0.000000 -10.470199
v 44.728363 2.153315 -10.486633
v 44.728363 0.000000 -10.486633
vn 0.2290 -0.0000 0.9734
vn -0.9734 -0.0000 0.2290
vn -0.2290 -0.0000 -0.9734
vn 0.9734 -0.0000 -0.2290
vn -0.0000 -1.0000 -0.0000
vn -0.0000 1.0000 -0.0000
s 0
usemtl Unknown
f 356//191 353//191 354//191
f 356//191 354//191 355//191
f 358//192 356//192 355//192
f 358//192 355//192 357//192
f 360//193 358//193 357//193
f 360//193 357//193 359//193
f 353//194 360//194 359//194
f 353//194 359//194 354//194
f 356//195 358//195 360//195
f 356//195 360//195 353//195
f 359//196 357//196 355//196
f 354//196 359//196 355//196
o IfcWall/Wall.048
v 36.449341 0.000000 -4.786591
v 36.449341 2.153315 -4.786591
v 36.379471 2.153315 -4.770157
v 36.379471 0.000000 -4.770157
v 35.557758 2.153315 -8.263679
v 35.557758 0.000000 -8.263679
v 35.627628 2.153315 -8.280113
v 35.627628 0.000000 -8.280113
vn 0.2290 -0.0000 0.9734
vn -0.9734 -0.0000 0.2290
vn -0.2290 -0.0000 -0.9734
vn 0.9734 -0.0000 -0.2290
vn -0.0000 -1.0000 -0.0000
vn -0.0000 1.0000 -0.0000
s 0
usemtl Unknown
f 364//197 361//197 362//197
f 364//197 362//197 363//197
f 366//198 364//198 363//198
f 366//198 363//198 365//198
f 368//199 366//199 365//199
f 368//199 365//199 367//199
f 361//200 368//200 367//200
f 361//200 367//200 362//200
f 364//201 366//201 368//201
f 364//201 368//201 361//201
f 367//202 365//202 363//202
f 362//202 367//202 363//202
o IfcWall/Wall.049
v 44.654621 0.000000 -10.484017
v 44.654621 2.153315 -10.484017
v 44.671646 2.153315 -10.414289
v 44.671646 0.000000 -10.414289
v 35.606838 2.153315 -8.201263
v 35.606838 0.000000 -8.201263
v 35.589813 2.153315 -8.270992
v 35.589813 0.000000 -8.270992
v 42.852169 2.153315 -10.043979
v 41.126038 2.153315 -9.577531
v 42.870850 2.153315 -9.989304
v 41.166462 0.828601 -9.632441
v 41.111523 2.153315 -9.619028
v 42.859089 0.000000 -10.045667
v 41.200829 0.000000 -9.640830
v 41.133682 2.153315 -9.555861
v 41.164822 2.153315 -9.586684
v 41.124413 2.153315 -9.548289
v 41.119370 2.153315 -9.575957
v 42.857723 0.426847 -10.045335
v 42.867722 2.153315 -9.988565
v 42.871578 2.153315 -9.974831
vn 0.9715 -0.0000 -0.2372
vn -0.9715 -0.0000 0.2372
vn -0.2372 -0.0000 -0.9715
vn -0.0000 1.0000 -0.0000
s 0
usemtl Unknown
f 372//203 369//203 370//203
f 372//203 370//203 371//203
f 376//204 374//204 373//204
f 376//204 373//204 375//204
f 369//205 382//205 388//205
f 369//205 388//205 377//205 370//205
f 379//206 377//206 389//206
f 375//206 373//206 386//206 387//206
f 370//206 377//206 379//206 371//206
f 381//205 380//205 375//205
f 378//206 381//206 387//206
f 380//205 383//205 376//205 375//205
f 378//206 384//206 385//206
f 387//206 381//206 375//206
f 387//206 386//206 384//206 378//206
f 389//206 390//206 371//206 379//206
o IfcWall/Wall.053
o IfcWall/Wall.100
o IfcWall/Wall.091
v 36.434048 0.000000 -4.790505
v 36.434048 2.153315 -4.790505
v 36.364178 2.153315 -4.774071
v 36.364178 0.000000 -4.774071
v 35.542465 2.153315 -8.267593
v 35.542465 0.000000 -8.267593
v 35.612335 2.153315 -8.284027
v 35.612335 0.000000 -8.284027
vn 0.2290 -0.0000 0.9734
vn -0.9734 -0.0000 0.2290
vn -0.2290 -0.0000 -0.9734
vn 0.9734 -0.0000 -0.2290
vn -0.0000 -1.0000 -0.0000
vn -0.0000 1.0000 -0.0000
s 0
usemtl Unknown
f 394//207 391//207 392//207
f 394//207 392//207 393//207
f 396//208 394//208 393//208
f 396//208 393//208 395//208
f 398//209 396//209 395//209
f 398//209 395//209 397//209
f 391//210 398//210 397//210
f 391//210 397//210 392//210
f 394//211 396//211 398//211
f 394//211 398//211 391//211
f 397//212 395//212 393//212
f 392//212 397//212 393//212
o IfcWall/Wall.092
v 27.333315 0.000000 -2.583989
v 27.333315 2.153315 -2.583989
v 27.263445 2.153315 -2.567554
v 27.263445 0.000000 -2.567554
v 26.441732 2.153315 -6.061076
v 26.441732 0.000000 -6.061076
v 26.511604 2.153315 -6.077510
v 26.511604 0.000000 -6.077510
vn 0.2290 -0.0000 0.9734
vn -0.9734 -0.0000 0.2290
vn -0.2290 -0.0000 -0.9734
vn 0.9734 -0.0000 -0.2290
vn -0.0000 -1.0000 -0.0000
vn -0.0000 1.0000 -0.0000
s 0
usemtl Unknown
f 402//213 399//213 400//213
f 402//213 400//213 401//213
f 404//214 402//214 401//214
f 404//214 401//214 403//214
f 406//215 404//215 403//215
f 406//215 403//215 405//215
f 399//216 406//216 405//216
f 399//216 405//216 400//216
f 402//217 404//217 406//217
f 402//217 406//217 399//217
f 405//218 403//218 401//218
f 400//218 405//218 401//218
o IfcWall/Wall.093
v 35.543827 0.000000 -8.268129
v 35.543827 2.153315 -8.268129
v 35.560852 2.153315 -8.198400
v 35.560852 0.000000 -8.198400
v 26.496044 2.153315 -5.985375
v 26.496044 0.000000 -5.985375
v 26.479021 2.153315 -6.055104
v 26.479021 0.000000 -6.055104
v 33.741375 2.153315 -7.828090
v 32.015244 2.153315 -7.361643
v 33.760056 2.153315 -7.773416
v 32.055668 0.828601 -7.416552
v 32.000729 2.153315 -7.403140
v 33.748295 0.000000 -7.829779
v 32.090034 0.000000 -7.424942
v 32.022888 2.153315 -7.339973
v 32.054028 2.153315 -7.370796
v 32.013618 2.153315 -7.332401
v 32.008575 2.153315 -7.360069
v 33.746929 0.426847 -7.829446
v 33.756927 2.153315 -7.772678
v 33.760784 2.153315 -7.758943
vn 0.9715 -0.0000 -0.2372
vn -0.9715 -0.0000 0.2372
vn -0.2372 -0.0000 -0.9715
vn -0.0000 1.0000 -0.0000
s 0
usemtl Unknown
f 410//219 407//219 408//219
f 410//219 408//219 409//219
f 414//220 412//220 411//220
f 414//220 411//220 413//220
f 407//221 420//221 426//221
f 407//221 426//221 415//221 408//221
f 417//222 415//222 427//222
f 413//222 411//222 424//222 425//222
f 408//222 415//222 417//222 409//222
f 419//221 418//221 413//221
f 416//222 419//222 425//222
f 418//221 421//221 414//221 413//221
f 416//222 422//222 423//222
f 425//222 419//222 413//222
f 425//222 424//222 422//222 416//222
f 427//222 428//222 409//222 417//222
o IfcWall/Wall.094
v 27.280966 0.000000 -2.592187
v 27.280966 2.153315 -2.592187
v 27.211096 2.153315 -2.575752
v 27.211096 0.000000 -2.575752
v 26.389383 2.153315 -6.069274
v 26.389383 0.000000 -6.069274
v 26.459255 2.153315 -6.085709
v 26.459255 0.000000 -6.085709
vn 0.2290 -0.0000 0.9734
vn -0.9734 -0.0000 0.2290
vn -0.2290 -0.0000 -0.9734
vn 0.9734 -0.0000 -0.2290
vn -0.0000 -1.0000 -0.0000
vn -0.0000 1.0000 -0.0000
s 0
usemtl Unknown
f 432//223 429//223 430//223
f 432//223 430//223 431//223
f 434//224 432//224 431//224
f 434//224 431//224 433//224
f 436//225 434//225 433//225
f 436//225 433//225 435//225
f 429//226 436//226 435//226
f 429//226 435//226 430//226
f 432//227 434//227 436//227
f 432//227 436//227 429//227
f 435//228 433//228 431//228
f 430//228 435//228 431//228
o IfcWall/Wall.095
v 18.180225 0.000000 -0.385666
v 18.180225 2.153315 -0.385666
v 18.110355 2.153315 -0.369232
v 18.110355 0.000000 -0.369232
v 17.288643 2.153315 -3.862754
v 17.288643 0.000000 -3.862754
v 17.358515 2.153315 -3.879188
v 17.358515 0.000000 -3.879188
vn 0.2290 -0.0000 0.9734
vn -0.9734 -0.0000 0.2290
vn -0.2290 -0.0000 -0.9734
vn 0.9734 -0.0000 -0.2290
vn -0.0000 -1.0000 -0.0000
vn -0.0000 1.0000 -0.0000
s 0
usemtl Unknown
f 440//229 437//229 438//229
f 440//229 438//229 439//229
f 442//230 440//230 439//230
f 442//230 439//230 441//230
f 444//231 442//231 441//231
f 444//231 441//231 443//231
f 437//232 444//232 443//232
f 437//232 443//232 438//232
f 440//233 442//233 444//233
f 440//233 444//233 437//233
f 443//234 441//234 439//234
f 438//234 443//234 439//234
o IfcWall/Wall.096
v 26.385506 0.000000 -6.083095
v 26.385506 2.153315 -6.083095
v 26.402529 2.153315 -6.013365
v 26.402529 0.000000 -6.013365
v 17.337723 2.153315 -3.800340
v 17.337723 0.000000 -3.800340
v 17.320700 2.153315 -3.870070
v 17.320700 0.000000 -3.870070
v 24.583055 2.153315 -5.643055
v 22.856922 2.153315 -5.176608
v 24.601736 2.153315 -5.588381
v 22.897346 0.828601 -5.231517
v 22.842407 2.153315 -5.218105
v 24.589972 0.000000 -5.644744
v 22.931713 0.000000 -5.239907
v 22.864567 2.153315 -5.154939
v 22.895706 2.153315 -5.185761
v 22.855297 2.153315 -5.147367
v 22.850254 2.153315 -5.175035
v 24.588610 0.426847 -5.644412
v 24.598606 2.153315 -5.587643
v 24.602463 2.153315 -5.573908
vn 0.9715 -0.0000 -0.2372
vn -0.9715 -0.0000 0.2372
vn -0.2372 -0.0000 -0.9715
vn -0.0000 1.0000 -0.0000
s 0
usemtl Unknown
f 448//235 445//235 446//235
f 448//235 446//235 447//235
f 452//236 450//236 449//236
f 452//236 449//236 451//236
f 445//237 458//237 464//237
f 445//237 464//237 453//237 446//237
f 455//238 453//238 465//238
f 451//238 449//238 462//238 463//238
f 446//238 453//238 455//238 447//238
f 457//237 456//237 451//237
f 454//238 457//238 463//238
f 456//237 459//237 452//237 451//237
f 454//238 460//238 461//238
f 463//238 457//238 451//238
f 463//238 462//238 460//238 454//238
f 465//238 466//238 447//238 455//238
o IfcWall/Wall.097
v 18.131578 0.000000 -0.427591
v 18.131578 2.153315 -0.427591
v 18.061708 2.153315 -0.411157
v 18.061708 0.000000 -0.411157
v 17.239996 2.153315 -3.904679
v 17.239996 0.000000 -3.904679
v 17.309868 2.153315 -3.921113
v 17.309868 0.000000 -3.921113
vn 0.2290 -0.0000 0.9734
vn -0.9734 -0.0000 0.2290
vn -0.2290 -0.0000 -0.9734
vn 0.9734 -0.0000 -0.2290
vn -0.0000 -1.0000 -0.0000
vn -0.0000 1.0000 -0.0000
s 0
usemtl Unknown
f 470//239 467//239 468//239
f 470//239 468//239 469//239
f 472//240 470//240 469//240
f 472//240 469//240 471//240
f 474//241 472//241 471//241
f 474//241 471//241 473//241
f 467//242 474//242 473//242
f 467//242 473//242 468//242
f 470//243 472//243 474//243
f 470//243 474//243 467//243
f 473//244 471//244 469//244
f 468//244 473//244 469//244
o IfcWall/Wall.098
v 9.030848 0.000000 1.778926
v 9.030848 2.153315 1.778926
v 8.960978 2.153315 1.795361
v 8.960978 0.000000 1.795361
v 8.139266 2.153315 -1.698161
v 8.139266 0.000000 -1.698161
v 8.209136 2.153315 -1.714595
v 8.209136 0.000000 -1.714595
vn 0.2290 -0.0000 0.9734
vn -0.9734 -0.0000 0.2290
vn -0.2290 -0.0000 -0.9734
vn 0.9734 -0.0000 -0.2290
vn -0.0000 -1.0000 -0.0000
vn -0.0000 1.0000 -0.0000
s 0
usemtl Unknown
f 478//245 475//245 476//245
f 478//245 476//245 477//245
f 480//246 478//246 477//246
f 480//246 477//246 479//246
f 482//247 480//247 479//247
f 482//247 479//247 481//247
f 475//248 482//248 481//248
f 475//248 481//248 476//248
f 478//249 480//249 482//249
f 478//249 482//249 475//249
f 481//250 479//250 477//250
f 476//250 481//250 477//250
o IfcWall/Wall.099
v 17.236122 0.000000 -3.918500
v 17.236122 2.153315 -3.918500
v 17.253145 2.153315 -3.848771
v 17.253145 0.000000 -3.848771
v 8.188339 2.153315 -1.635746
v 8.188339 0.000000 -1.635746
v 8.171316 2.153315 -1.705475
v 8.171316 0.000000 -1.705475
v 15.433672 2.153315 -3.478461
v 13.707538 2.153315 -3.012013
v 15.452353 2.153315 -3.423787
v 13.747964 0.828601 -3.066923
v 13.693024 2.153315 -3.053510
v 15.440588 0.000000 -3.480150
v 13.782331 0.000000 -3.075313
v 13.715183 2.153315 -2.990344
v 13.746323 2.153315 -3.021167
v 13.705914 2.153315 -2.982772
v 13.700871 2.153315 -3.010440
v 15.439226 0.426847 -3.479817
v 15.449224 2.153315 -3.423048
