# Blender 3.5.0
# www.blender.org
mtllib uvt_plan_raw.mtl
o Floor
v -46.966908 0.000000 34.699593
v 139.015991 0.000000 -4.163795
v -71.490189 0.000000 -82.657936
v 114.492706 0.000000 -121.521332
vn -0.0000 1.0000 -0.0000
vt 0.000000 0.000000
vt 1.000000 0.000000
vt 0.000000 1.000000
vt 1.000000 1.000000
s 0
f 1/1/1 2/2/1 4/4/1 3/3/1
o Wall.001
v 88.897797 -0.490599 -69.914497
v 88.897797 3.490599 -69.914497
v 79.441658 -0.490599 -115.167358
v 79.441658 3.490599 -115.167358
v 91.495811 -0.490599 -70.457382
v 91.495811 3.490599 -70.457382
v 82.039673 -0.490599 -115.710243
v 82.039673 3.490599 -115.710243
vn -0.9789 -0.0000 0.2045
vn -0.2045 -0.0000 -0.9789
vn 0.9789 -0.0000 -0.2045
vn 0.2045 -0.0000 0.9789
vn -0.0000 -1.0000 -0.0000
vn -0.0000 1.0000 -0.0000
vt 0.375000 0.000000
vt 0.375000 1.000000
vt 0.125000 0.750000
vt 0.625000 0.000000
vt 0.625000 1.000000
vt 0.875000 0.750000
vt 0.375000 0.250000
vt 0.125000 0.500000
vt 0.625000 0.250000
vt 0.875000 0.500000
vt 0.375000 0.750000
vt 0.625000 0.750000
vt 0.375000 0.500000
vt 0.625000 0.500000
s 0
f 5/5/2 6/8/2 8/13/2 7/11/2
f 7/11/3 8/13/3 12/18/3 11/17/3
f 11/17/4 12/18/4 10/16/4 9/15/4
f 9/15/5 10/16/5 6/9/5 5/6/5
f 7/12/6 11/17/6 9/15/6 5/7/6
f 12/18/7 8/14/7 6/10/7 10/16/7
o Wall.002
v 75.783188 -0.490599 -67.460930
v 75.783188 3.490599 -67.460930
v 66.327049 -0.490599 -112.713791
v 66.327049 3.490599 -112.713791
v 78.381203 -0.490599 -68.003815
v 78.381203 3.490599 -68.003815
v 68.925064 -0.490599 -113.256676
v 68.925064 3.490599 -113.256676
vn -0.9789 -0.0000 0.2045
vn -0.2045 -0.0000 -0.9789
vn 0.9789 -0.0000 -0.2045
vn 0.2045 -0.0000 0.9789
vn -0.0000 -1.0000 -0.0000
vn -0.0000 1.0000 -0.0000
vt 0.375000 0.000000
vt 0.375000 1.000000
vt 0.125000 0.750000
vt 0.625000 0.000000
vt 0.625000 1.000000
vt 0.875000 0.750000
vt 0.375000 0.250000
vt 0.125000 0.500000
vt 0.625000 0.250000
vt 0.875000 0.500000
vt 0.375000 0.750000
vt 0.625000 0.750000
vt 0.375000 0.500000
vt 0.625000 0.500000
s 0
f 13/19/8 14/22/8 16/27/8 15/25/8
f 15/25/9 16/27/9 20/32/9 19/31/9
f 19/31/10 20/32/10 18/30/10 17/29/10
f 17/29/11 18/30/11 14/23/11 13/20/11
f 15/26/12 19/31/12 17/29/12 13/21/12
f 20/32/13 16/28/13 14/24/13 18/30/13
o Wall.003
v 65.685318 -0.490599 -112.698463
v 65.685318 3.490599 -112.698463
v 83.263588 -0.490599 -116.371658
v 83.263588 3.490599 -116.371658
v 66.228203 -0.490599 -110.100449
v 66.228203 3.490599 -110.100449
v 83.806473 -0.490599 -113.773643
v 83.806473 3.490599 -113.773643
vn -0.2045 -0.0000 -0.9789
vn 0.9789 -0.0000 -0.2045
vn 0.2045 -0.0000 0.9789
vn -0.9789 -0.0000 0.2045
vn -0.0000 -1.0000 -0.0000
vn -0.0000 1.0000 -0.0000
vt 0.375000 0.000000
vt 0.375000 1.000000
vt 0.125000 0.750000
vt 0.625000 0.000000
vt 0.625000 1.000000
vt 0.875000 0.750000
vt 0.375000 0.250000
vt 0.125000 0.500000
vt 0.625000 0.250000
vt 0.875000 0.500000
vt 0.375000 0.750000
vt 0.625000 0.750000
vt 0.375000 0.500000
vt 0.625000 0.500000
s 0
f 21/33/14 22/36/14 24/41/14 23/39/14
f 23/39/15 24/41/15 28/46/15 27/45/15
f 27/45/16 28/46/16 26/44/16 25/43/16
f 25/43/17 26/44/17 22/37/17 21/34/17
f 23/40/18 27/45/18 25/43/18 21/35/18
f 28/46/19 24/42/19 22/38/19 26/44/19
o Wall.004
v 1.188095 -0.490599 -53.318497
v 1.188095 3.490599 -53.318497
v 78.177963 -0.490599 -69.406464
v 78.177963 3.490599 -69.406464
v 1.730980 -0.490599 -50.720478
v 1.730980 3.490599 -50.720478
v 78.720848 -0.490599 -66.808449
v 78.720848 3.490599 -66.808449
vn -0.2045 -0.0000 -0.9789
vn 0.9789 -0.0000 -0.2045
vn 0.2045 -0.0000 0.9789
vn -0.9789 -0.0000 0.2045
vn -0.0000 -1.0000 -0.0000
vn -0.0000 1.0000 -0.0000
vt 0.375000 0.000000
vt 0.375000 1.000000
vt 0.125000 0.750000
vt 0.625000 0.000000
vt 0.625000 1.000000
vt 0.875000 0.750000
vt 0.375000 0.250000
vt 0.125000 0.500000
vt 0.625000 0.250000
vt 0.875000 0.500000
vt 0.375000 0.750000
vt 0.625000 0.750000
vt 0.375000 0.500000
vt 0.625000 0.500000
s 0
f 29/47/20 30/50/20 32/55/20 31/53/20
f 31/53/21 32/55/21 36/60/21 35/59/21
f 35/59/22 36/60/22 34/58/22 33/57/22
f 33/57/23 34/58/23 30/51/23 29/48/23
f 31/54/24 35/59/24 33/57/24 29/49/24
f 36/60/25 32/56/25 30/52/25 34/58/25
o Wall.005
v -66.817093 -0.490599 -55.460747
v -66.817093 3.490599 -55.460747
v -0.557789 -0.490599 -69.306435
v -0.557789 3.490599 -69.306435
v -66.274200 -0.490599 -52.862732
v -66.274200 3.490599 -52.862732
v -0.014904 -0.490599 -66.708420
v -0.014904 3.490599 -66.708420
vn -0.2045 -0.0000 -0.9789
vn 0.9789 -0.0000 -0.2045
vn 0.2045 -0.0000 0.9789
vn -0.9789 -0.0000 0.2045
vn -0.0000 -1.0000 -0.0000
vn -0.0000 1.0000 -0.0000
vt 0.375000 0.000000
vt 0.375000 1.000000
vt 0.125000 0.750000
vt 0.625000 0.000000
vt 0.625000 1.000000
vt 0.875000 0.750000
vt 0.375000 0.250000
vt 0.125000 0.500000
vt 0.625000 0.250000
vt 0.875000 0.500000
vt 0.375000 0.750000
vt 0.625000 0.750000
vt 0.375000 0.500000
vt 0.625000 0.500000
s 0
f 37/61/26 38/64/26 40/69/26 39/67/26
f 39/67/27 40/69/27 44/74/27 43/73/27
f 43/73/28 44/74/28 42/72/28 41/71/28
f 41/71/29 42/72/29 38/65/29 37/62/29
f 39/68/30 43/73/30 41/71/30 37/63/30
f 44/74/31 40/70/31 38/66/31 42/72/31
o Wall.006
v -64.291534 -0.490599 -37.914379
v -64.291534 3.490599 -37.914379
v -9.590136 -0.490599 -49.344906
v -9.590136 3.490599 -49.344906
v -63.748650 -0.490599 -35.316364
v -63.748650 3.490599 -35.316364
v -9.047247 -0.490599 -46.746891
v -9.047247 3.490599 -46.746891
vn -0.2045 -0.0000 -0.9789
vn 0.9789 -0.0000 -0.2045
vn 0.2045 -0.0000 0.9789
vn -0.9789 -0.0000 0.2045
vn -0.0000 -1.0000 -0.0000
vn -0.0000 1.0000 -0.0000
vt 0.375000 0.000000
vt 0.375000 1.000000
vt 0.125000 0.750000
vt 0.625000 0.000000
vt 0.625000 1.000000
vt 0.875000 0.750000
vt 0.375000 0.250000
vt 0.125000 0.500000
vt 0.625000 0.250000
vt 0.875000 0.500000
vt 0.375000 0.750000
vt 0.625000 0.750000
vt 0.375000 0.500000
vt 0.625000 0.500000
s 0
f 45/75/32 46/78/32 48/83/32 47/81/32
f 47/81/33 48/83/33 52/88/33 51/87/33
f 51/87/34 52/88/34 50/86/34 49/85/34
f 49/85/35 50/86/35 46/79/35 45/76/35
f 47/82/36 51/87/36 49/85/36 45/77/36
f 52/88/37 48/84/37 46/80/37 50/86/37
o Wall.007
v -64.912445 -0.490599 -56.981171
v -64.912445 3.490599 -56.981171
v -60.128983 -0.490599 -34.089622
v -60.128983 3.490599 -34.089622
v -67.510460 -0.490599 -56.438286
v -67.510460 3.490599 -56.438286
v -62.727001 -0.490599 -33.546738
v -62.727001 3.490599 -33.546738
vn 0.9789 -0.0000 -0.2045
vn 0.2045 -0.0000 0.9789
vn -0.9789 -0.0000 0.2045
vn -0.2045 -0.0000 -0.9789
vn -0.0000 -1.0000 -0.0000
vn -0.0000 1.0000 -0.0000
vt 0.375000 0.000000
vt 0.375000 1.000000
vt 0.125000 0.750000
vt 0.625000 0.000000
vt 0.625000 1.000000
vt 0.875000 0.750000
vt 0.375000 0.250000
vt 0.125000 0.500000
vt 0.625000 0.250000
vt 0.875000 0.500000
vt 0.375000 0.750000
vt 0.625000 0.750000
vt 0.375000 0.500000
vt 0.625000 0.500000
s 0
f 53/89/38 54/92/38 56/97/38 55/95/38
f 55/95/39 56/97/39 60/102/39 59/101/39
f 59/101/40 60/102/40 58/100/40 57/99/40
f 57/99/41 58/100/41 54/93/41 53/90/41
f 55/96/42 59/101/42 57/99/42 53/91/42
f 60/102/43 56/98/43 54/94/43 58/100/43
o Wall.008
v -1.278050 -0.490599 -73.721039
v -1.278050 3.490599 -73.721039
v 3.505408 -0.490599 -50.829487
v 3.505408 3.490599 -50.829487
v -3.876067 -0.490599 -73.178146
v -3.876067 3.490599 -73.178146
v 0.907391 -0.490599 -50.286602
v 0.907391 3.490599 -50.286602
vn 0.9789 -0.0000 -0.2045
vn 0.2045 -0.0000 0.9789
vn -0.9789 -0.0000 0.2045
vn -0.2045 -0.0000 -0.9789
vn -0.0000 -1.0000 -0.0000
vn -0.0000 1.0000 -0.0000
vt 0.375000 0.000000
vt 0.375000 1.000000
vt 0.125000 0.750000
vt 0.625000 0.000000
vt 0.625000 1.000000
vt 0.875000 0.750000
vt 0.375000 0.250000
vt 0.125000 0.500000
vt 0.625000 0.250000
vt 0.875000 0.500000
vt 0.375000 0.750000
vt 0.625000 0.750000
vt 0.375000 0.500000
vt 0.625000 0.500000
s 0
f 61/103/44 62/106/44 64/111/44 63/109/44
f 63/109/45 64/111/45 68/116/45 67/115/45
f 67/115/46 68/116/46 66/114/46 65/113/46
f 65/113/47 66/114/47 62/107/47 61/104/47
f 63/110/48 67/115/48 65/113/48 61/105/48
f 68/116/49 64/112/49 62/108/49 66/114/49
o Wall.009
v -7.843548 -0.490599 -48.850471
v -7.843548 3.490599 -48.850471
v 2.464819 -0.490599 0.480886
v 2.464819 3.490599 0.480886
v -10.441565 -0.490599 -48.307587
v -10.441565 3.490599 -48.307587
v -0.133197 -0.490599 1.023771
v -0.133197 3.490599 1.023771
vn 0.9789 -0.0000 -0.2045
vn 0.2045 -0.0000 0.9789
vn -0.9789 -0.0000 0.2045
vn -0.2045 -0.0000 -0.9789
vn -0.0000 -1.0000 -0.0000
vn -0.0000 1.0000 -0.0000
vt 0.375000 0.000000
vt 0.375000 1.000000
vt 0.125000 0.750000
vt 0.625000 0.000000
vt 0.625000 1.000000
vt 0.875000 0.750000
vt 0.375000 0.250000
vt 0.125000 0.500000
vt 0.625000 0.250000
vt 0.875000 0.500000
vt 0.375000 0.750000
vt 0.625000 0.750000
vt 0.375000 0.500000
vt 0.625000 0.500000
s 0
f 69/117/50 70/120/50 72/125/50 71/123/50
f 71/123/51 72/125/51 76/130/51 75/129/51
f 75/129/52 76/130/52 74/128/52 73/127/52
f 73/127/53 74/128/53 70/121/53 69/118/53
f 71/124/54 75/129/54 73/127/54 69/119/54
f 76/130/55 72/126/55 70/122/55 74/128/55
o Wall.010
v 73.276688 -0.490599 -16.325611
v 73.276688 3.490599 -16.325611
v 0.270802 -0.490599 -1.070184
v 0.270802 3.490599 -1.070184
v 72.733795 -0.490599 -18.923626
v 72.733795 3.490599 -18.923626
v -0.272083 -0.490599 -3.668200
v -0.272083 3.490599 -3.668200
vn 0.2045 -0.0000 0.9789
vn -0.9789 -0.0000 0.2045
vn -0.2045 -0.0000 -0.9789
vn 0.9789 -0.0000 -0.2045
vn -0.0000 -1.0000 -0.0000
vn -0.0000 1.0000 -0.0000
vt 0.375000 0.000000
vt 0.375000 1.000000
vt 0.125000 0.750000
vt 0.625000 0.000000
vt 0.625000 1.000000
vt 0.875000 0.750000
vt 0.375000 0.250000
vt 0.125000 0.500000
vt 0.625000 0.250000
vt 0.875000 0.500000
vt 0.375000 0.750000
vt 0.625000 0.750000
vt 0.375000 0.500000
vt 0.625000 0.500000
s 0
f 77/131/56 78/134/56 80/139/56 79/137/56
f 79/137/57 80/139/57 84/144/57 83/143/57
f 83/143/58 84/144/58 82/142/58 81/141/58
f 81/141/59 82/142/59 78/135/59 77/132/59
f 79/138/60 83/143/60 81/141/60 77/133/60
f 84/144/61 80/140/61 78/136/61 82/142/61
o Wall.011
v 133.891769 -0.490599 -30.426334
v 133.891769 3.490599 -30.426334
v 89.719681 -0.490599 -21.196062
v 89.719681 3.490599 -21.196062
v 133.348892 -0.490599 -33.024353
v 133.348892 3.490599 -33.024353
v 89.176796 -0.490599 -23.794079
v 89.176796 3.490599 -23.794079
vn 0.2045 -0.0000 0.9789
vn -0.9789 -0.0000 0.2045
vn -0.2045 -0.0000 -0.9789
vn 0.9789 -0.0000 -0.2045
vn -0.0000 -1.0000 -0.0000
vn -0.0000 1.0000 -0.0000
vt 0.375000 0.000000
vt 0.375000 1.000000
vt 0.125000 0.750000
vt 0.625000 0.000000
vt 0.625000 1.000000
vt 0.875000 0.750000
vt 0.375000 0.250000
vt 0.125000 0.500000
vt 0.625000 0.250000
vt 0.875000 0.500000
vt 0.375000 0.750000
vt 0.625000 0.750000
vt 0.375000 0.500000
vt 0.625000 0.500000
s 0
f 85/145/62 86/148/62 88/153/62 87/151/62
f 87/151/63 88/153/63 92/158/63 91/157/63
f 91/157/64 92/158/64 90/156/64 89/155/64
f 89/155/65 90/156/65 86/149/65 85/146/65
f 87/152/66 91/157/66 89/155/66 85/147/66
f 92/158/67 88/154/67 86/150/67 90/156/67
o Wall.012
v 125.110634 -0.490599 -77.219360
v 125.110634 3.490599 -77.219360
v 89.748871 -0.490599 -69.830109
v 89.748871 3.490599 -69.830109
v 124.567749 -0.490599 -79.817383
v 124.567749 3.490599 -79.817383
v 89.205986 -0.490599 -72.428131
v 89.205986 3.490599 -72.428131
vn 0.2045 -0.0000 0.9789
vn -0.9789 -0.0000 0.2045
vn -0.2045 -0.0000 -0.9789
vn 0.9789 -0.0000 -0.2045
vn -0.0000 -1.0000 -0.0000
vn -0.0000 1.0000 -0.0000
vt 0.375000 0.000000
vt 0.375000 1.000000
vt 0.125000 0.750000
vt 0.625000 0.000000
vt 0.625000 1.000000
vt 0.875000 0.750000
vt 0.375000 0.250000
vt 0.125000 0.500000
vt 0.625000 0.250000
vt 0.875000 0.500000
vt 0.375000 0.750000
vt 0.625000 0.750000
vt 0.375000 0.500000
vt 0.625000 0.500000
s 0
f 93/159/68 94/162/68 96/167/68 95/165/68
f 95/165/69 96/167/69 100/172/69 99/171/69
f 99/171/70 100/172/70 98/170/70 97/169/70
f 97/169/71 98/170/71 94/163/71 93/160/71
f 95/166/72 99/171/72 97/169/72 93/161/72
f 100/172/73 96/168/73 94/164/73 98/170/73
o Wall.013
v 101.292831 -0.490599 3.209877
v 101.292831 3.490599 3.209877
v 73.409477 -0.490599 9.036427
v 73.409477 3.490599 9.036427
v 100.749947 -0.490599 0.611860
v 100.749947 3.490599 0.611860
v 72.866592 -0.490599 6.438410
v 72.866592 3.490599 6.438410
vn 0.2045 -0.0000 0.9789
vn -0.9789 -0.0000 0.2045
vn -0.2045 -0.0000 -0.9789
vn 0.9789 -0.0000 -0.2045
vn -0.0000 -1.0000 -0.0000
vn -0.0000 1.0000 -0.0000
vt 0.375000 0.000000
vt 0.375000 1.000000
vt 0.125000 0.750000
vt 0.625000 0.000000
vt 0.625000 1.000000
vt 0.875000 0.750000
vt 0.375000 0.250000
vt 0.125000 0.500000
vt 0.625000 0.250000
vt 0.875000 0.500000
vt 0.375000 0.750000
vt 0.625000 0.750000
vt 0.375000 0.500000
vt 0.625000 0.500000
s 0
f 101/173/74 102/176/74 104/181/74 103/179/74
f 103/179/75 104/181/75 108/186/75 107/185/75
f 107/185/76 108/186/76 106/184/76 105/183/76
f 105/183/77 106/184/77 102/177/77 101/174/77
f 103/180/78 107/185/78 105/183/78 101/175/78
f 108/186/79 104/182/79 102/178/79 106/184/79
o Wall.014
v 132.260086 -0.490599 -30.585661
v 132.260086 3.490599 -30.585661
v 122.037689 -0.490599 -79.505661
v 122.037689 3.490599 -79.505661
v 134.858093 -0.490599 -31.128546
v 134.858093 3.490599 -31.128546
v 124.635704 -0.490599 -80.048546
v 124.635704 3.490599 -80.048546
vn -0.9789 -0.0000 0.2045
vn -0.2045 -0.0000 -0.9789
vn 0.9789 -0.0000 -0.2045
vn 0.2045 -0.0000 0.9789
vn -0.0000 -1.0000 -0.0000
vn -0.0000 1.0000 -0.0000
vt 0.375000 0.000000
vt 0.375000 1.000000
vt 0.125000 0.750000
vt 0.625000 0.000000
vt 0.625000 1.000000
vt 0.875000 0.750000
vt 0.375000 0.250000
vt 0.125000 0.500000
vt 0.625000 0.250000
vt 0.875000 0.500000
vt 0.375000 0.750000
vt 0.625000 0.750000
vt 0.375000 0.500000
vt 0.625000 0.500000
s 0
f 109/187/80 110/190/80 112/195/80 111/193/80
f 111/193/81 112/195/81 116/200/81 115/199/81
f 115/199/82 116/200/82 114/198/82 113/197/82
f 113/197/83 114/198/83 110/191/83 109/188/83
f 111/194/84 115/199/84 113/197/84 109/189/84
f 116/200/85 112/196/85 110/192/85 114/198/85
o Wall.015
v 71.586273 -0.490599 9.885021
v 71.586273 3.490599 9.885021
v 71.876350 -0.490599 -20.509218
v 71.876350 3.490599 -20.509218
v 74.240288 -0.490599 9.910351
v 74.240288 3.490599 9.910351
v 74.530365 -0.490599 -20.483889
v 74.530365 3.490599 -20.483889
vn -1.0000 -0.0000 -0.0095
vn 0.0095 -0.0000 -1.0000
vn 1.0000 -0.0000 0.0095
vn -0.0095 -0.0000 1.0000
vn -0.0000 -1.0000 -0.0000
vn -0.0000 1.0000 -0.0000
vt 0.375000 0.000000
vt 0.375000 1.000000
vt 0.125000 0.750000
vt 0.625000 0.000000
vt 0.625000 1.000000
vt 0.875000 0.750000
vt 0.375000 0.250000
vt 0.125000 0.500000
vt 0.625000 0.250000
vt 0.875000 0.500000
vt 0.375000 0.750000
vt 0.625000 0.750000
vt 0.375000 0.500000
vt 0.625000 0.500000
s 0
f 117/201/86 118/204/86 120/209/86 119/207/86
f 119/207/87 120/209/87 124/214/87 123/213/87
f 123/213/88 124/214/88 122/212/88 121/211/88
f 121/211/89 122/212/89 118/205/89 117/202/89
f 119/208/90 123/213/90 121/211/90 117/203/90
f 124/214/91 120/210/91 118/206/91 122/212/91
o Wall.016
v 98.771904 -0.490599 4.465488
v 98.771904 3.490599 4.465488
v 88.651726 -0.490599 -24.195913
v 88.651726 3.490599 -24.195913
v 101.274605 -0.490599 3.581799
v 101.274605 3.490599 3.581799
v 91.154427 -0.490599 -25.079603
v 91.154427 3.490599 -25.079603
vn -0.9429 -0.0000 0.3329
vn -0.3329 -0.0000 -0.9429
vn 0.9429 -0.0000 -0.3329
vn 0.3329 -0.0000 0.9429
vn -0.0000 -1.0000 -0.0000
vn -0.0000 1.0000 -0.0000
vt 0.375000 0.000000
vt 0.375000 1.000000
vt 0.125000 0.750000
vt 0.625000 0.000000
vt 0.625000 1.000000
vt 0.875000 0.750000
vt 0.375000 0.250000
vt 0.125000 0.500000
vt 0.625000 0.250000
vt 0.875000 0.500000
vt 0.375000 0.750000
vt 0.625000 0.750000
vt 0.375000 0.500000
vt 0.625000 0.500000
s 0
f 125/215/92 126/218/92 128/223/92 127/221/92
f 127/221/93 128/223/93 132/228/93 131/227/93
f 131/227/94 132/228/94 130/226/94 129/225/94
f 129/225/95 130/226/95 126/219/95 125/216/95
f 127/222/96 131/227/96 129/225/96 125/217/96
f 132/228/97 128/224/97 126/220/97 130/226/97
